img x1 y1 x2 y2
10 71 37 109 113
16 56 14 149 104
22 152 120 223 201
27 1 3 222 224
50 107 23 199 91
56 20 91 173 200
65 22 141 114 201
68 22 15 208 178
69 62 121 136 212
73 83 123 146 196
83 73 120 222 198
90 111 39 190 195
94 39 0 161 206
96 21 92 121 224
100 41 34 196 170
111 1 42 136 200
112 26 0 190 212
116 132 34 224 200
130 0 39 109 114
133 41 99 223 179
134 0 0 210 191
140 109 2 224 91
150 92 23 224 122
156 2 5 66 107
158 1 53 191 191
160 1 0 144 74
160 0 77 78 221
161 16 24 212 202
163 66 131 125 199
165 108 83 224 183
179 22 23 203 199
184 0 1 110 207
193 1 61 220 196
200 54 141 163 181
201 16 23 209 199
218 24 1 219 43
221 61 38 204 174
230 11 26 223 215
234 54 116 184 205
237 24 29 200 207
239 0 2 62 134
242 0 34 147 115
243 31 42 219 200
244 143 79 193 183
246 148 106 224 148
249 18 88 125 224
256 1 17 224 206
266 88 96 202 198
272 120 17 200 115
279 0 2 224 224
282 26 17 128 140
289 85 120 202 216
297 1 30 131 178
300 1 52 218 195
3 0 102 115 224
598 0 22 219 214
590 0 12 223 222
581 83 91 215 224
580 180 63 223 174
577 38 0 209 223
575 69 101 209 194
575 107 0 195 45
574 110 0 204 95
571 0 64 118 205
569 131 129 224 223
566 85 94 213 223
560 0 0 54 150
559 0 62 205 185
557 0 28 21 79
554 96 0 224 105
551 59 131 189 216
548 1 118 116 223
536 8 1 224 183
535 22 24 202 210
532 112 0 211 56
529 22 87 148 206
527 0 71 174 223
522 32 0 207 86
521 103 21 198 91
516 42 52 172 205
512 56 139 224 224
511 15 4 182 169
509 14 31 212 186
502 38 38 172 179
496 39 0 211 223
495 79 108 188 203
491 2 87 224 204
484 0 116 60 224
482 4 70 139 163
482 0 0 131 55
473 0 0 96 58
473 21 191 132 223
466 61 114 200 217
465 102 0 224 35
459 80 38 224 217
459 0 105 35 180
455 23 57 165 191
454 6 1 224 189
452 149 34 224 178
451 0 59 199 205
448 69 0 194 42
445 0 15 162 209
434 127 95 224 194
431 112 140 170 204
430 121 27 196 111
428 27 19 164 224
424 0 39 78 107
422 0 0 62 19
421 18 32 57 143
419 82 89 218 224
418 5 0 223 213
415 6 1 224 188
411 7 11 215 205
403 16 6 211 222
398 27 105 86 167
392 0 68 92 170
381 183 80 224 194
380 0 112 129 224
374 0 69 179 224
373 6 34 221 203
365 116 37 182 105
363 0 98 214 209
363 77 38 171 101
353 127 7 214 123
351 0 0 56 48
350 0 0 111 209
346 106 77 197 204
345 123 85 224 208
338 19 26 205 196
336 0 77 137 210
331 0 23 224 213
326 112 23 224 172
322 45 0 224 224
316 0 13 224 212
313 26 19 73 118
311 72 135 104 202
309 0 6 63 136
608 1 2 123 87
613 28 32 191 177
620 5 16 210 207
621 86 98 213 224
622 23 112 187 195
628 99 1 222 92
629 84 119 144 196
637 149 2 223 109
639 8 40 213 219
647 157 51 206 130
656 0 53 69 158
657 83 40 223 216
657 0 110 29 176
662 44 102 142 214
663 28 0 188 209
675 46 2 214 171
676 0 52 190 193
680 12 7 201 184
685 95 0 223 34
687 112 70 222 162
688 1 102 120 191
697 38 143 145 224
699 24 87 145 215
703 33 85 224 216
709 52 31 224 194
713 22 74 194 224
714 122 88 224 199
717 0 61 145 216
721 62 1 217 148
722 0 130 98 224
740 51 120 149 224
741 94 1 224 82
752 111 17 180 98
754 109 98 224 224
760 0 33 224 140
764 145 74 198 188
779 114 61 224 161
780 41 173 138 224
788 13 136 104 222
793 23 88 147 217
802 16 19 163 96
813 5 109 104 219
817 7 107 133 197
828 0 0 101 53
830 24 129 176 209
833 0 46 106 201
841 73 104 135 212
843 45 15 224 149
849 6 150 166 215
853 63 16 224 203
856 0 0 102 92
857 3 63 100 216
859 151 82 222 186
867 0 75 54 171
883 3 85 212 221
885 109 34 188 141
886 65 62 224 160
894 0 0 223 224
898 19 144 106 224
904 0 0 224 224
910 19 72 201 193
918 38 149 176 207
921 12 17 122 216
922 1 53 69 160
923 7 149 166 216
924 129 84 223 205
931 155 59 224 136
934 3 1 201 224
938 12 83 188 214
941 92 1 224 110
950 0 0 90 33
959 43 4 216 176
967 128 40 224 166
972 47 27 224 194
973 0 24 224 145
977 0 61 199 203
978 0 42 136 199
979 0 5 136 92
982 2 79 224 213
985 129 114 181 214
986 23 41 221 174
988 69 78 224 204
991 0 26 60 113
995 100 28 222 77
997 92 74 218 202
998 23 23 224 224
999 2 57 73 137
999 75 55 148 199
1297 122 0 224 91
1296 49 0 202 83
1292 96 7 224 83
1289 51 110 192 212
1285 132 0 224 59
1283 0 47 222 198
1271 85 89 201 203
1265 103 0 209 97
1261 0 29 136 182
1258 0 0 187 221
1256 0 70 224 221
1248 0 0 109 84
1244 148 109 223 200
1240 0 18 224 188
1232 138 68 195 187
1230 157 64 215 128
1230 38 0 173 82
1226 0 0 54 155
1225 35 31 82 129
1223 0 109 129 224
1219 6 99 136 201
1212 0 46 181 224
1212 176 103 224 224
1209 0 0 224 224
1204 106 0 224 94
1198 113 0 209 58
1193 142 59 198 187
1192 64 137 164 215
1190 0 14 97 98
1188 93 0 224 62
1183 129 119 193 192
1183 59 117 136 215
1182 73 105 147 164
1180 9 21 193 211
1169 85 0 184 84
1159 0 0 134 50
1156 152 80 224 191
1152 4 36 215 220
1148 25 93 186 224
1135 64 129 191 219
1134 9 13 215 209
1129 0 0 218 196
1125 0 17 199 179
1122 58 105 100 188
1118 5 0 224 189
1116 22 8 210 223
1115 29 27 211 224
1114 0 6 187 139
1113 17 0 224 224
1111 38 100 146 215
1110 29 1 196 222
1109 41 106 115 203
1107 0 58 91 113
1098 46 137 166 209
1093 0 0 114 82
1089 195 94 224 202
1089 143 0 224 51
1088 175 2 224 128
1085 0 117 65 224
1083 7 99 136 202
1080 120 82 224 204
1078 19 90 179 217
1074 149 0 224 103
1071 0 0 224 224
1065 151 82 224 188
1062 66 121 185 213
1047 81 31 150 68
1045 117 38 179 102
1044 17 5 206 191
1039 135 129 224 224
1034 0 19 196 181
1031 0 0 92 165
1030 0 11 163 210
1026 32 25 73 127
1022 113 0 224 118
1012 108 28 190 144
1011 76 5 213 195
1007 128 68 211 174
1007 156 1 224 113
1309 12 70 201 190
1314 0 0 106 110
1315 103 12 224 72
1329 61 118 136 210
1340 124 40 196 149
1344 33 104 222 213
1349 3 10 222 178
1350 69 63 189 202
1356 0 142 189 224
1358 86 1 182 74
1364 10 99 112 218
1366 0 21 224 181
1371 0 51 172 224
1373 21 93 183 200
1376 64 110 224 204
1383 102 131 181 224
1390 0 17 46 80
1399 32 124 88 197
1402 22 36 198 185
1403 2 4 71 147
1412 1 15 111 145
1417 77 116 202 216
1418 155 0 224 87
1421 26 36 189 196
1422 0 1 92 92
1426 82 131 173 224
1437 81 6 207 191
1442 11 85 206 179
1460 90 2 224 76
1465 43 127 137 204
1466 19 1 186 79
1472 32 0 153 70
1475 41 34 197 169
1476 129 72 202 162
1477 40 51 160 195
1479 0 22 60 144
1488 71 124 144 224
1488 132 99 217 194
1488 45 22 108 130
1488 147 2 205 98
1488 91 0 147 60
1493 103 0 224 58
1494 1 29 215 197
1503 7 27 112 193
1509 0 27 114 183
1511 92 0 214 71
1516 121 34 221 204
1519 0 36 147 111
1520 174 10 224 91
1523 149 62 200 163
1527 140 126 214 199
1528 18 144 103 222
1535 153 63 224 199
1547 114 1 224 112
1552 43 13 161 86
1553 23 39 123 151
1554 107 96 207 177
1555 63 142 193 224
1556 119 108 215 207
1557 0 38 121 197
1558 0 43 135 199
1559 31 120 172 207
1560 87 99 200 199
1561 67 124 184 212
1562 37 0 203 85
1563 0 41 166 224
1564 1 44 130 218
1565 65 0 224 119
1566 0 75 125 219
1567 100 69 224 202
1568 51 93 136 219
1569 52 88 166 207
1570 16 85 217 224
1571 57 87 165 223
1572 41 137 147 223
1573 100 95 224 223
1574 40 0 190 82
1575 62 101 173 222
1303 10 98 41 172
1305 130 101 203 161
1307 45 11 198 69
